version https://git-lfs.github.com/spec/v1
oid sha256:20efa51b3c1e56065397e1ddd3bd858a5b338652a04ea72a2e49b96a8d69791f
size 52905
