version https://git-lfs.github.com/spec/v1
oid sha256:15a9bd38d6d78f6815823c9de148c6fe50a3b07847772caf0240039cb740a6b4
size 6233638
