version https://git-lfs.github.com/spec/v1
oid sha256:350002ece9654fea4f1891b2fd204bf3b00dcbf1760757d828d5f976f60663a8
size 5808075
